 ;leto;sklenitev_zvez;sklenitev_zvez_na1000_prebiv;povp_starost_zenina;povp_starost_neveste
1956;13740;8.9;28.9;25.7
1957;13124;8.5;28.9;25.5
1958;12998;8.3;29.1;25.9
1959;13618;8.7;29.3;25.9
1960;14013;8.9;29.1;25.8
1961;14442;9.1;29.1;25.6
1962;14535;9.1;28.5;25.2
1963;14277;8.8;28.6;25.4
1964;14622;9.0;28.6;25.3
1965;15121;9.2;28.1;24.9
1966;14348;8.6;28.2;24.7
1967;13984;8.3;28.3;24.8
1968;14010;8.2;28.1;24.5
1969;14113;8.2;28.1;24.3
1970;14281;8.3;28.0;24.3
1971;14186;8.2;27.6;24.1
1972;15792;9.0;27.5;24.0
1973;15681;8.9;27.6;24.1
1974;15408;8.6;27.3;24.0
1975;15379;8.5;27.2;24.0
1976;15048;8.3;27.4;24.2
1977;15026;8.2;27.5;24.2
1978;14695;7.9;27.5;24.1
1979;14230;7.6;27.6;24.3
1980;12377;6.5;27.5;24.1
1981;12153;6.3;27.5;24.2
1982;11689;6.1;27.6;24.2
1983;11878;6.1;27.6;24.2
1984;11386;5.9;27.1;23.8
1985;10579;5.4;27.2;23.8
1986;10621;5.4;27.6;24.3
1987;10307;5.2;27.0;23.7
1988;9217;4.6;27.3;24.2
1989;9776;4.9;27.8;24.7
1990;8517;4.3;28.7;25.4
1991;8173;4.1;28.6;25.6
1992;9119;4.6;29.3;26.1
1993;9022;4.5;30.0;26.7
1994;8314;4.2;30.2;26.9
1995;8245;4.2;30.1;26.9
1996;7555;3.8;30.4;27.2
1997;7500;3.8;30.7;27.6
1998;7528;3.8;30.9;27.8
1999;7716;3.9;31.3;28.1
2000;7201;3.6;31.4;28.4
2001;6935;3.5;31.8;28.8
2002;7064;3.5;32.3;29.2
2003;6756;3.4;32.3;29.2
2004;6558;3.3;32.6;29.6
2005;5769;2.9;33.0;29.8
2006;6368;3.2;32.8;30.0
2007;6373;3.2;33.2;30.3
2008;6703;3.3;33.2;30.2
2009;6542;3.2;33.1;30.3
2010;6528;3.2;33.8;30.8
2011;6671;3.3;34.1;31.2
2012;7057;3.4;34.4;31.5
2013;6254;3.0;34.5;31.6
2014;6571;3.2;34.5;31.8
2015;6449;3.1;34.8;32.1
2016;6667;3.2;35.3;32.6
2017;6481;3.1;35.3;32.7
