;Starost - SKUPAJ;Pod 15 let;15-19 let;20-24 let;25-29 let;30-34 let;35-39 let;40-44 let;45-49 let;50-54 let;55-59 let;60 ali ve? let
SLOVENIJA;6481;0;75;764;2029;1682;935;442;229;166;70;89
Pomurska;361;0;1;39;118;90;60;29;15;6;1;2
Podravska;1098;0;11;97;280;309;177;95;54;36;21;18
Koro?ka;229;0;3;20;64;58;34;17;15;10;3;5
Savinjska;748;0;13;73;226;208;116;60;20;16;8;8
Zasavska;195;0;3;31;63;51;25;3;12;4;1;2
Posavska;242;0;0;32;81;65;33;15;5;4;2;5
Jugovzhodna Slovenija;492;0;2;68;177;128;67;24;11;7;3;5
Osrednjeslovenska;1716;0;24;225;555;428;235;112;48;45;20;24
Gorenjska;593;0;2;72;200;157;76;34;25;13;1;13
Primorsko-notranjska;168;0;5;31;54;37;18;4;5;8;5;1
Gori?ka;315;0;3;42;122;67;36;26;6;8;4;1
Obalno-kra?ka;324;0;8;34;89;84;58;23;13;9;1;5
